ch01: -0.062246 A
ch02: 0.401635 A
ch03: 0.092919 A
ch04: 0.083519 A
ch05: -0.079372 A
ch06: 0.140263 A
ch07: -0.012372 A
ch08: 0.101330 A
ch09: 0.082624 A
ch10: -0.010341 A
ch11: 0.039448 A
ch12: 0.072575 A
ch13: 0.229519 A
ch14: -0.173710 A
ch15: 0.016813 A
ch16: -0.339723 A
ch17: -0.084957 A
ch18: 0.004865 A
ch19: 0.344085 A
ch20: 0.246338 A
ch21: -0.046476 A
ch22: -0.107610 A
ch23: -0.012736 A
ch24: 0.070930 A
ch25: -0.067714 A
ch26: 0.381440 A
ch27: 0.024596 A
ch28: -0.149642 A
ch29: 0.117910 A
ch30: -0.221825 A
ch31: -0.032669 A
ch32: 0.116064 A
